image: map_test.pgm
resolution: 0.100000
origin: [-25.649998, -25.649998, 0.000000]
negate: 0
occupied_thresh: 0.65
free_thresh: 0.196

